Connecting to arduino on com5... done.
PID_log pre:2018-03-13 10:16:21.969529
post:2018-03-13 10:16:21.971524
ori:404
404
51
406
51
407
50
408
50
410
50
411
50
412
50
414
50
415
50
416
50
418
50
419
50
421
50
422
51
423
50
425
50
427
51
428
50
430
50
431
50
432
50
434
51
435
50
437
50
438
50
439
50
441
50
442
50
443
50
445
50
446
50
448
51
449
50
450
50
452
50
453
50
454
50
456
50
457
50
458
49
460
50
461
51
463
50
464
50
465
50
467
50
468
51
470
50
472
50
473
50
474
50
476
50
477
50
479
50
480
50
481
50
483
50
484
50
485
50
487
50
488
50
489
50
491
50
492
50
494
50
495
50
496
50
498
51
499
49
500
50
502
51
503
50
504
50
506
50
507
50
509
50
510
50
512
50
514
50
515
50
516
50
518
50
519
51
521
50
522
50
523
50
525
50
526
50
527
50
529
50
530
50
531
50
533
50
534
50
536
50
537
50
538
50
540
50
541
50
542
50
544
50
545
50
546
50
548
51
549
50
551
51
552
49
553
50
556
50
557
50
558
51
560
50
561
50
563
50
564
50
565
50
567
51
568
50
569
50
571
50
572
50
573
51
575
50
576
50
578
50
579
50
580
50
582
50
583
50
584
51
586
50
587
50
589
50
590
50
591
50
593
50
594
51
595
50
598
50
599
50
600
50
602
50
603
50
605
51
606
51
607
50
609
50
610
50
611
50
613
50
614
50
615
50
617
51
618
50
620
50
621
50
622
49
624
51
625
50
626
50
628
50
629
50
631
50
632
50
633
50
635
50
636
50
637
50
640
49
641
51
642
49
644
50
645
51
647
50
648
51
649
50
651
49
652
51
653
50
655
50
656
50
657
50
659
50
660
50
662
50
663
50
664
51
666
49
667
51
668
50
670
50
671
50
672
50
674
50
675
50
677
49
678
50
679
50
681
50
683
50
684
49
686
49
687
50
688
50
690
49
691
50
693
50
694
50
695
50
697
50
698
50
699
50
701
50
702
50
703
50
705
50
706
50
708
50
709
50
710
50
712
49
713
49
714
51
716
51
717
51
719
50
720
50
721
50
723
49
724
50
726
50
728
50
729
51
730
50
732
51
733
51
735
51
736
50
737
51
739
51
740
51
741
50
743
50
744
51
746
51
747
51
748
50
750
50
751
50
752
50
754
50
755
49
756
49
758
50
759
51
761
50
762
51
763
50
765
50
766
50
768
50
770
50
771
52
772
50
774
50
775
50
777
51
778
51
779
50
781
50
782
49
783
50
785
51
786
50
788
50
789
51
790
50
792
50
793
50
794
50
796
51
797
50
798
50
800
50
801
50
803
50
804
50
805
50
807
51
808
50
809
50
812
51
813
49
814
51
816
50
817
49
819
51
820
49
821
51
823
50
824
51
825
50
827
50
828
50
829
50
831
50
832
50
834
50
835
50
836
50
838
50
839
50
840
50
842
50
843
51
844
49
846
50
847
51
849
49
850
51
851
50
854
50
855
51
856
49
858
50
859
51
860
49
862
50
863
51
865
50
866
49
867
51
869
51
870
50
871
51
873
50
874
51
876
50
877
50
878
50
880
51
881
50
882
49
884
51
885
51
886
50
888
50
889
50
891
50
892
50
893
51
896
50
897
50
898
50
900
49
901
50
902
51
904
51
905
50
907
49
908
50
909
50
911
50
912
51
913
50
915
50
916
49
918
50
919
51
920
51
922
50
923
50
924
50
926
51
927
50
928
50
930
50
931
50
933
50
934
50
935
50
937
50
939
50
940
49
942
49
943
50
944
51
946
51
947
50
949
50
950
49
951
50
953
50
954
51
955
51
957
49
958
49
960
49
961
51
962
50
964
49
965
50
966
50
968
50
969
50
970
50
972
51
973
50
975
49
976
50
977
51
979
49
980
50
982
51
984
49
985
50
986
51
988
50
989
50
991
50
992
49
993
50
995
50
996
50
997
50
999
49
1000
50
1002
49
1003
49
1004
50
1006
50
1007
50
1009
50
1010
50
1011
50
1013
52
1014
50
1016
50
1017
49
1018
50
1020
50
1021
50
1024
51
1025
50
1026
51
1028
50
1029
50
1031
50
1032
49
1034
50
1035
50
1036
51
1038
50
1039
50
1041
50
1042
50
1043
50
1045
50
1046
50
1048
50
1049
50
1050
49
1052
50
1053
50
1055
50
1056
51
1057
51
1059
49
1060
50
1062
51
1063
50
1065
50
1067
51
1068
50
1070
50
1071
50
1073
51
1074
50
1075
50
1077
50
1078
50
1080
50
1081
50
1082
49
1084
50
1085
50
1087
50
1088
50
1090
49
1091
50
1092
51
1094
50
1095
50
1097
50
1098
50
1099
50
1101
50
1102
50
1104
51
1105
51
1106
51
1108
51
1110
50
1112
50
1113
50
1114
50
1116
50
1117
50
1119
49
1120
49
1122
50
1123
50
1124
51
1126
51
1127
50
1129
50
1130
49
1131
49
1133
50
1134
51
1136
50
1137
51
1138
50
1140
50
1141
50
1143
50
1144
51
1146
50
1147
50
1148
50
1150
50
1152
51
1154
50
1155
50
1156
50
1158
50
1159
50
1161
50
1162
50
1163
50
1165
50
1166
51
1168
51
1169
49
1170
50
1172
50
1173
50
1175
51
1176
50
1178
50
1179
51
1180
49
1182
50
1183
50
1185
50
1186
50
1187
50
1189
50
1190
49
1192
50
1193
50
1195
50
1197
50
1198
50
1200
50
1201
49
1203
50
1204
50
1205
51
1207
50
1208
50
1210
50
1211
51
1212
50
1214
50
1215
50
1217
51
1218
50
1219
50
1221
50
1222
50
1224
50
1225
50
1226
50
1228
50
1229
50
1231
50
1232
50
1234
50
1235
50
1236
50
1239
50
1240
50
1242
49
1243
50
1244
50
1246
50
1247
49
1249
51
1250
51
1251
50
1253
50
1254
51
1256
50
1257
50
1259
51
1260
50
1261
50
1263
49
1264
50
1266
50
1267
50
1268
51
1270
50
1271
50
1273
50
1274
50
1275
50
1277
50
1278
50
1281
50
1282
50
1283
49
1285
51
1286
50
1288
51
1289
50
1291
50
1292
50
1293
50
1295
50
1296
50
1298
50
1299
50
1300
50
1302
50
1303
50
1305
51
1306
50
1307
50
1309
50
1310
51
1312
50
1313
50
1314
50
1316
50
1317
50
1319
50
1320
50
1323
50
1324
50
1325
49
1327
50
1328
50
1330
50
1331
50
1332
50
1334
50
1335
50
1337
50
1338
51
1339
51
1341
51
1342
51
1344
50
1345
50
1347
50
1348
50
1349
50
1351
50
1352
50
1354
51
1355
51
1356
50
1358
50
1359
50
1361
50
1362
50
1363
50
1366
50
1367
50
1369
50
1370
50
1371
50
1373
50
1374
50
1376
50
1377
51
1379
50
1380
50
1381
51
1383
50
1384
50
1386
50
1387
50
1388
50
1390
50
1391
50
1393
50
1394
51
1395
50
1397
49
1398
50
1400
50
1401
50
1403
50
1404
50
1405
50
1408
50
1409
50
1411
50
1412
49
1413
50
1415
50
1416
50
1418
50
1419
49
1420
50
1422
49
1423
50
1425
50
1426
50
1427
50
1429
50
1430
50
1432
50
1433
50
1435
50
1436
50
1437
50
1439
50
1440
50
1442
50
1443
50
1444
50
1446
50
1447
50
1449
50
1451
50
1452
50
1454
50
1455
50
1457
50
1458
50
1459
50
1461
50
1462
51
1464
50
1465
50
1467
50
1468
50
1469
50
1471
50
1472
51
1474
50
1475
50
1476
50
1478
50
1479
50
1481
50
1482
50
1483
50
1485
50
1486
50
1488
50
1489
49
1491
49
1492
50
1494
50
1496
50
1497
50
1499
50
1500
50
1501
51
1503
51
1504
51
1506
50
1507
50
1508
50
1510
50
1511
50
1513
50
1514
50
1515
51
1517
50
1518
50
1520
50
1521
50
1523
49
1524
50
1525
50
1527
50
1528
50
1530
50
1531
49
1532
50
1534
50
1536
49
1538
50
1539
50
1540
50
1542
51
1543
50
1545
50
1546
50
1548
50
1549
50
1550
50
1552
50
1553
50
1555
50
1556
50
1557
50
1559
50
1560
50
1562
50
1563
50
1564
50
1566
50
1567
50
1569
50
1570
50
1571
50
1573
50
1574
50
1576
50
1577
50
1580
50
1581
50
1582
50
1584
51
1585
51
1587
50
1588
50
1589
50
1591
50
1592
50
1594
50
1595
50
1596
50
1598
50
1599
50
1601
50
1602
50
1604
50
1605
51
1606
50
1608
50
1609
51
1611
50
1612
50
1613
50
1615
51
1616
50
1618
50
1619
50
1620
50
1623
50
1624
50
1626
50
1627
50
1628
51
1630
49
1631
50
1633
50
1634
50
1636
50
1637
50
1638
50
1640
50
1641
50
1643
49
1644
50
1645
50
1647
50
1648
50
1650
50
1651
50
1652
50
1654
50
1655
50
1657
50
1658
50
1659
50
1661
50
1662
50
1665
49
1666
50
1668
50
1669
50
1670
50
1672
51
1673
50
1675
50
1676
50
1677
50
1679
51
1680
51
1682
50
1683
50
1684
51
1686
50
1687
50
1689
50
1690
50
1692
50
1693
50
1694
50
1696
50
1697
49
1699
50
1700
50
1701
50
1703
50
1704
50
1707
50
1708
51
1709
50
1711
50
1712
50
1714
51
1715
51
1716
51
1718
50
1719
50
1721
50
1722
50
1724
50
1725
50
1726
50
1728
50
1729
51
1731
50
1732
50
1733
50
1735
50
1736
50
1738
49
1739
50
1740
50
1742
50
1743
50
1745
50
1746
50
1747
50
1750
50
1751
50
1753
49
1754
50
1756
51
1757
50
1758
50
1760
50
1761
50
1763
50
1764
51
1765
51
1767
50
1768
51
1770
50
1771
50
1772
50
1774
50
1775
50
1777
50
1778
51
1780
50
1781
50
1782
50
1784
50
1785
50
1787
50
1788
50
1789
50
1792
50
1793
50
1795
50
1796
50
1797
50
1799
50
1800
50
1802
51
1803
50
1804
51
1806
50
1807
50
1809
50
1810
50
1812
50
1813
50
1814
50
1816
51
1817
50
1819
50
1820
50
1821
50
1823
50
1824
50
1826
50
1827
50
1828
50
1830
50
1831
50
1833
50
1835
50
1836
50
1838
50
1839
50
1841
50
1842
51
1844
51
1845
50
1846
50
1848
50
1849
51
1851
50
1852
50
1853
50
1855
50
1856
50
1858
50
1859
50
1860
51
1862
50
1863
50
1865
49
1866
50
1868
50
1869
50
1870
50
1872
50
1873
50
1875
51
1876
50
1878
50
1880
49
1881
50
1883
50
1884
50
1885
50
1887
50
1888
50
1890
50
1891
51
1892
50
1894
50
1895
50
1897
50
1898
50
1900
50
1901
51
1902
50
1904
50
1905
50
1907
50
1908
51
1909
50
1911
50
1912
50
1914
50
1915
50
1916
50
1918
50
1920
50
1922
50
1923
50
1924
50
1926
50
1927
50
1929
50
1930
50
1932
49
1933
50
1934
50
1936
50
1937
50
1939
50
1940
50
1941
50
1943
50
1944
51
1946
50
1947
50
1948
50
1950
50
1951
50
1953
50
1954
50
1956
50
1957
50
1958
50
1960
51
1961
50
1964
50
1965
50
1966
50
1968
50
1969
50
1971
50
1972
50
1973
50
1975
50
1976
51
1978
50
1979
50
1980
50
1982
50
1983
50
1985
50
1986
50
1988
50
1989
50
1990
50
1992
50
1993
50
1995
50
1996
51
1997
50
1999
50
2000
50
2002
49
2003
50
2004
50
2007
50
2008
50
2010
50
2011
49
2012
50
2014
50
2015
50
2017
50
2018
51
2020
50
2021
50
2022
50
2024
49
2025
50
2027
50
2028
50
2029
50
2031
50
2032
50
2034
50
2035
50
2036
50
2038
50
2039
50
2041
50
2042
50
2044
50
2045
50
2046
50
2049
50
2050
50
2052
50
2053
49
2054
50
2056
50
2057
50
2059
50
2060
50
2061
51
2063
50
2064
50
2066
50
2067
50
2068
50
2070
50
2071
50
2073
50
2074
50
2076
50
2077
50
2078
50
2080
50
2081
50
2083
51
2084
50
2085
50
2087
50
2088
51
2091
50
2092
50
2093
50
2095
50
2096
50
2098
50
2099
50
2101
50
2102
50
2103
50
2105
50
2106
51
2108
50
2109
50
2110
50
2112
50
2113
50
2115
51
2116
50
2117
50
2119
50
2120
50
2122
50
2123
50
2124
50
2126
51
2127
50
2129
50
2130
50
2132
49
2134
50
2135
50
2137
50
2138
50
2140
50
2141
50
2142
50
2144
50
2145
51
2147
50
2148
50
2149
50
2151
50
2152
50
2154
50
2155
50
2157
49
2158
50
2159
50
2161
50
2162
50
2164
50
2165
51
2166
51
2168
50
2169
50
2171
50
2172
50
2173
50
2176
50
2177
50
2179
50
2180
50
2181
50
2183
50
2184
50
2186
51
2187
50
2189
50
2190
50
2191
50
2193
50
2194
51
2196
50
2197
50
2198
50
2200
50
2201
50
2203
50
2204
51
2205
50
2207
50
2208
50
2210
50
2211
50
2212
50
2214
50
2215
50
2217
50
2219
50
2221
50
2222
50
2223
51
2225
50
2226
50
2228
50
2229
50
2230
50
2232
50
2233
50
2235
50
2236
49
2237
50
2239
50
2240
50
2242
51
2243
50
2245
50
2246
50
2247
50
2249
50
2250
51
2252
50
2253
51
2254
50
2256
50
2257
50
2259
50
2260
50
2262
50
2264
50
2265
50
2267
49
2268
50
2269
50
2271
50
2272
50
2274
50
2275
50
2277
50
2278
50
2279
50
2281
51
2282
50
2284
50
2285
50
2286
50
2288
50
2289
50
2291
51
2292
51
2293
51
2295
50
2296
50
2298
50
2299
50
2301
50
2302
50
2304
50
2306
50
2307
50
2309
51
2310
50
2311
50
2313
50
2314
50
2316
50
2317
50
2318
51
2320
50
2321
50
2323
50
2324
49
2325
50
2327
50
2328
50
2330
50
2331
50
2333
50
2334
50
2335
51
2337
50
2338
50
2340
50
2341
50
2342
50
2344
51
2345
50
2348
50
2349
50
2350
50
2352
50
2353
50
2355
50
2356
51
2358
50
2359
50
2360
50
2362
50
2363
50
2365
50
2366
50
2367
50
2369
50
2370
50
2372
51
2373
50
2374
51
2376
51
2377
50
2379
50
2380
50
2381
50
2383
50
2384
50
2386
50
2387
50
2390
50
2391
50
2392
49
2394
50
2395
50
2397
50
2398
50
2399
50
2401
50
2402
50
2404
50
2405
50
2406
50
2408
50
2409
50
2411
50
2412
50
2414
51
2415
50
2416
50
2418
50
2419
50
2421
49
2422
50
2423
50
2425
50
2426
51
2428
50
2429
50
2430
50
2433
49
2434
50
2436
50
2437
50
2438
50
2440
49
2441
50
2443
49
2444
49
2446
50
2447
50
2448
49
2450
50
2451
49
2453
50
2454
50
2455
50
2457
50
2458
50
2460
51
2461
50
2462
51
2464
50
2465
50
2467
50
2468
50
2470
50
2471
50
2472
50
2475
50
2476
50
2478
50
2479
50
2480
50
2482
50
2483
50
2485
50
2486
50
2487
50
2489
50
2490
50
2492
51
2493
51
2494
51
2496
50
2497
51
2499
50
2500
50
2502
50
2503
50
2504
50
2506
50
2507
51
2509
51
2510
50
2511
51
2513
50
2514
50
2516
50
2518
50
2519
50
2521
50
2522
51
2524
50
2525
50
2527
50
2528
50
2529
50
2531
50
2532
50
2534
50
2535
51
2536
50
2538
51
2539
51
2541
50
2542
51
2543
50
2545
50
2546
50
2548
50
2549
50
2550
50
2552
50
2553
50
2555
50
2556
50
2558
50
2560
50
2561
50
2563
50
2564
50
2566
50
2567
49
2568
50
2570
50
2571
49
2573
50
2574
49
2575
49
2577
50
2578
50
2580
50
2581
50
2582
50
2584
50
2585
50
2587
50
2588
51
2590
50
2591
50
2592
50
2594
50
2595
50
2597
51
2598
51
2599
50
2601
50
2603
51
2605
50
2606
50
2607
50
2609
50
2610
50
2612
50
2613
50
2615
50
2616
50
2617
50
2619
50
2620
50
2622
50
2623
50
2624
49
2626
50
2627
50
2629
51
2630
51
2631
51
2633
50
2634
50
2636
51
2637
51
2638
51
2640
51
2641
50
2643
50
2644
51
2647
50
2648
50
2649
50
2651
50
2652
50
2654
50
2655
50
2656
50
2658
51
2659
50
2661
50
2662
50
2663
51
2665
50
2666
50
2668
51
2669
50
2670
50
2672
51
2673
50
2675
50
2676
50
2678
50
2679
50
2680
50
2682
50
2683
51
2685
50
2686
50
2688
50
2690
50
2691
51
2693
50
2694
50
2695
50
2697
50
2698
50
2700
50
2701
50
2703
50
2704
50
2705
50
2707
50
2708
50
2710
50
2711
50
2712
50
2714
50
2715
50
2717
51
2718
51
2719
50
2721
50
2722
49
2724
51
2725
50
2726
50
2728
51
2729
50
2732
50
2733
50
2735
50
2736
50
2737
50
2739
50
2740
50
2742
50
2743
50
2744
50
2746
50
2747
50
2749
49
2750
50
2751
50
2753
50
2754
50
2756
51
2757
50
2759
50
2760
50
2761
50
2763
50
2764
51
2766
50
2767
50
2768
50
2770
50
2771
50
2774
50
2775
50
2776
50
2778
50
2779
50
2781
50
2782
50
2783
49
2785
50
2786
50
2788
50
2789
50
2791
51
2792
51
2793
50
2795
50
2796
50
2798
51
2799
51
2800
50
2802
50
2803
50
2805
50
2806
50
2807
50
2809
50
2810
50
2812
51
2813
49
2816
50
2817
50
2818
50
2820
50
2821
50
2823
50
2824
51
2825
50
2827
50
2828
50
2830
50
2831
51
2832
50
2834
51
2835
51
2837
50
2838
50
2839
50
2841
50
2842
50
2844
50
2845
50
2847
50
2848
50
2849
50
2851
50
2852
50
2854
49
2855
50
2856
50
2859
50
2860
50
2862
50
2863
50
2864
50
2866
50
2867
50
2869
51
2870
50
2872
51
2873
51
2874
51
2876
50
2877
50
2879
50
2880
50
2881
50
2883
50
2884
51
2886
50
2887
50
2888
50
2890
50
2891
50
2893
50
2894
51
2895
49
2897
50
2898
50
2900
51
2902
51
2904
50
2905
51
2906
51
2908
50
2909
50
2911
50
2912
50
2913
50
2915
50
2916
50
2918
50
2919
50
2920
50
2922
50
2923
50
2925
50
2926
50
2927
50
2929
50
2930
49
2932
50
2933
50
2935
50
2936
50
2937
50
2939
49
2940
49
2942
50
2944
50
2945
50
2947
50
2948
51
2950
50
2951
50
2952
50
2954
50
2955
50
2957
51
2958
50
2960
50
2961
50
2962
50
2964
50
2965
50
2967
50
2968
50
2969
50
2971
50
2972
50
2974
50
2975
50
2976
50
2978
50
2979
49
2981
51
2982
51
2983
50
2985
50
2987
50
2989
50
2990
50
2992
50
2993
51
2994
51
2996
51
2997
50
2999
51
3000
50
3001
50
3003
50
3004
50
3006
50
3007
50
3008
50
3010
50
3011
50
3013
50
3014
50
3016
50
3017
50
3018
50
3020
51
3021
50
3023
50
3024
50
3025
50
3027
50
3028
50
3031
50
3032
50
3033
50
3035
50
3036
50
3038
50
3039
50
3040
50
3042
50
3043
50
3045
50
3046
50
3048
50
3049
50
3050
50
3052
50
3053
50
3055
50
3056
50
3057
50
3059
50
3060
51
3062
50
3063
50
3064
50
3066
50
3067
51
3069
50
3070
50
3073
50
3074
49
3075
50
3077
50
3078
50
3080
50
3081
50
3082
51
3084
50
3085
50
3087
50
3088
51
3089
50
3091
51
3092
51
3094
51
3095
50
3096
50
3098
51
3099
51
3101
50
3102
50
3104
50
3105
50
3106
50
3108
50
3109
50
3111
50
3112
50
3113
50
3116
50
3117
50
3119
50
3120
50
3121
50
3123
50
3124
50
3126
51
3127
51
3129
51
3130
50
3131
50
3133
50
3134
50
3136
50
3137
50
3138
51
3140
50
3141
50
3143
50
3144
50
3145
51
3147
51
3148
50
3150
50
3151
50
3152
50
3154
50
3155
50
3158
50
3159
51
3161
50
3162
50
3163
51
3165
50
3166
50
3168
50
3169
50
3170
50
3172
50
3173
50
3175
50
3176
50
3177
51
3179
51
3180
50
3182
50
3183
50
3185
50
3186
50
3187
51
3189
50
3190
50
3192
50
3193
50
3194
50
3196
50
3197
50
3200
51
3201
50
3202
50
3204
49
3205
50
3207
50
3208
50
3209
51
3211
50
3212
50
3214
50
3215
50
3217
51
3218
50
3219
50
3221
50
3222
51
3224
50
3225
50
3226
50
3228
50
3229
50
3231
50
3232
51
3233
50
3235
50
3236
50
3238
50
3239
50
3241
51
3243
50
3244
50
3246
50
3247
50
3249
49
3250
50
3251
50
3253
50
3254
50
3256
50
3257
50
3258
50
3260
50
3261
50
3263
50
3264
50
3265
51
3267
50
3268
51
3270
50
3271
50
3273
50
3274
49
3275
50
3277
50
3278
51
3280
50
3281
50
3282
50
3284
50
3286
50
3288
50
3289
51
3290
50
3292
51
3293
50
3295
50
3296
50
3297
50
3299
50
3300
50
3302
51
3303
50
3305
50
3306
50
3307
51
3309
51
3310
51
3312
50
3313
50
3314
50
3316
50
3317
50
3319
50
3320
50
3321
50
3323
50
3324
50
3326
50
3328
51
3330
50
3331
50
3332
50
3334
50
3335
50
3337
50
3338
49
3339
49
3341
50
3342
50
3344
51
3345
50
3346
50
3348
50
3349
50
3351
50
3352
50
3353
50
3355
50
3356
50
3358
50
3359
50
3361
50
3362
50
3363
50
3365
50
3366
50
3368
50
3369
50
3371
50
3373
50
3374
50
3376
50
3377
49
3378
50
3380
50
3381
50
3383
50
3384
50
3386
50
3387
50
3388
50
3390
50
3391
51
3393
50
3394
50
3395
50
3397
50
3398
50
3400
50
3401
50
3402
50
3404
50
3405
50
3407
50
3408
51
3409
49
3411
50
3412
51
3415
50
3416
50
3418
50
3419
50
3420
50
3422
50
3423
50
3425
50
3426
50
3427
50
3429
50
3430
50
3432
50
3433
50
3434
50
3436
50
3437
50
3439
50
3440
50
3442
50
3443
50
3444
50
3446
51
3447
50
3449
50
3450
50
3451
51
3453
50
3454
50
3457
50
3458
50
3459
51
3461
50
3462
50
3464
50
3465
50
3466
50
3468
50
3469
50
3471
50
3472
50
3474
50
3475
50
3476
50
3478
50
3479
50
3481
51
3482
50
3483
51
3485
50
3486
50
3488
50
3489
50
3490
50
3492
50
3493
50
3495
50
3496
50
3499
50
3500
50
3501
50
3503
50
3504
49
3506
50
3507
50
3508
50
3510
50
3511
51
3513
51
3514
50
3515
50
3517
50
3518
50
3520
51
3521
51
3522
50
3524
49
3525
50
3527
50
3528
50
3530
50
3531
50
3532
51
3534
50
3535
50
3537
50
3538
50
3539
50
3542
50
3543
50
3545
50
3546
50
3547
50
3549
51
3550
51
3552
50
3553
50
3555
50
3556
50
3557
50
3559
50
3560
50
3562
50
3563
50
3564
50
3566
50
3567
50
3569
49
3570
50
3571
50
3573
50
3574
49
3576
51
3577
50
3578
51
3580
51
3581
50
3584
51
3585
51
3587
50
3588
51
3589
50
3591
50
3592
50
3594
50
3595
50
3596
50
3598
50
3599
50
3601
51
3602
50
3603
50
3605
50
3606
49
3608
51
3609
50
3611
50
3612
50
3613
51
3615
50
3616
50
3618
51
3619
51
3620
50
3622
50
3623
50
3625
50
3627
51
3628
50
3630
50
3631
50
3633
50
3634
50
3635
50
3637
50
3638
50
3640
50
3641
50
3643
50
3644
50
3645
50
3647
50
3648
50
3650
50
3651
50
3652
50
3654
50
3655
50
3657
50
3658
50
3659
50
3661
50
3662
51
3664
50
3665
51
3667
50
3668
50
3670
50
3672
50
3673
51
3675
50
3676
50
3677
50
3679
51
3680
50
3682
50
3683
50
3684
50
3686
50
3687
51
3689
50
3690
50
3691
50
3693
51
3694
51
3696
50
3697
49
3699
49
3700
50
3701
50
3703
50
3704
50
3706
50
3707
50
3708
49
3710
50
3712
51
3714
50
3715
50
3716
50
3718
50
3719
50
3721
50
3722
50
3724
50
3725
50
3726
50
3728
50
3729
50
3731
50
3732
50
3733
50
3735
50
3736
50
3738
50
3739
50
3740
50
3742
50
3743
50
3745
50
3746
51
3747
51
3749
50
3750
50
3752
50
3753
50
3756
50
3757
51
3758
50
3760
50
3761
51
3763
50
3764
50
3765
50
3767
49
3768
50
3770
51
3771
50
3772
51
3774
50
3775
50
3777
50
3778
50
3780
51
3781
51
3782
50
3784
50
3785
51
3787
50
3788
50
3789
51
3791
50
3792
50
3794
50
3795
50
3796
50
3799
50
3800
51
3802
50
3803
50
3804
50
3806
50
3807
51
3809
50
3810
50
3812
50
3813
50
3814
50
3816
50
3817
50
3819
50
3820
50
3821
50
3823
50
3824
50
3826
50
3827
50
3828
51
3830
50
3831
51
3833
49
3834
50
3836
51
3837
50
3838
50
3841
50
3842
50
3844
50
3845
50
3846
50
3848
50
3849
50
3851
50
3852
49
3853
50
3855
50
3856
50
3858
50
3859
50
3860
50
3862
50
3863
50
3865
51
3866
51
3868
51
3869
50
3870
50
3872
50
3873
50
3875
50
3876
50
3877
50
3879
50
3880
50
3883
50
3884
50
3885
49
3887
50
3888
50
3890
51
3891
51
3892
51
3894
50
3895
50
3897
51
3898
51
3900
51
3901
50
3902
50
3904
50
3905
50
3907
50
3908
50
3909
51
3911
50
3912
50
3914
50
3915
50
3916
50
3918
50
3919
50
3921
50
3922
50
3924
50
3926
50
3927
50
3929
51
3930
51
3932
50
3933
50
3934
50
3936
50
3937
50
3939
50
3940
50
3941
50
3943
50
3944
50
3946
50
3947
50
3948
50
3950
51
3951
50
3953
51
3954
49
3956
50
3957
50
3958
50
3960
50
3961
50
3963
50
3964
50
3965
50
3968
50
3969
50
3971
50
3972
51
3973
50
3975
50
3976
50
3978
50
3979
50
3981
50
3982
50
3983
50
3985
50
3986
51
3988
51
3989
51
3990
51
3992
50
3993
50
3995
50
3996
51
3997
50
3999
51
4000
51
4002
50
4003
50
4004
50
4006
50
4007
50
4009
50
4011
50
4013
50
4014
50
4015
50
4017
50
4018
50
4020
50
4021
50
4022
50
4024
51
4025
50
4027
50
4028
49
4029
50
4031
51
4032
51
4034
50
4035
50
4037
50
4038
51
4039
50
4041
50
4042
50
4044
50
4045
50
4046
50
4048
50
4049
50
4051
50
4052
50
4054
50
4056
50
4057
51
4059
50
4060
50
4061
50
4063
50
4064
50
4066
50
4067
50
4069
50
4070
50
4071
50
4073
50
4074
50
4076
50
4077
50
4078
51
4080
50
4081
50
4083
50
4084
50
4085
51
4087
51
4088
50
4090
50
4091
51
4092
50
4094
51
4096
50
4098
50
4099
50
4101
50
4102
50
4103
50
4105
51
4106
50
4108
50
4109
50
4110
50
4112
50
4113
51
4115
50
4116
50
4117
50
4119
50
4120
50
4122
51
4123
50
4125
50
4126
50
4127
50
4129
50
4130
51
4132
51
4133
50
4134
50
4136
50
4137
50
4140
50
4141
50
4142
50
4144
50
4145
50
4147
51
4148
50
4149
50
4151
50
4152
50
4154
50
4155
50
4157
50
4158
51
4159
50
4161
50
4162
50
4164
50
4165
50
4166
50
4168
50
4169
50
4171
50
4172
50
4173
50
4175
50
4176
49
4178
50
4179
51
4182
51
4183
51
4184
51
4186
50
4187
49
4189
50
4190
50
4191
50
4193
51
4194
50
4196
50
4197
50
4198
50
4200
50
4201
50
4203
50
4204
49
4205
50
4207
50
4208
49
4210
50
4211
50
4213
50
4214
51
4215
51
4217
50
4218
50
4220
50
4221
49
4222
50
4225
50
4226
50
4228
50
4229
50
4230
50
4232
50
4233
50
4235
50
4236
50
4238
50
4239
49
4240
50
4242
51
4243
51
4245
50
4246
51
4247
51
4249
50
4250
49
4252
50
4253
50
4254
50
4256
50
4257
50
4259
50
4260
50
4261
51
4263
50
4264
50
4267
50
4268
49
4270
50
4271
50
4272
50
4274
50
4275
50
4277
50
4278
50
4279
51
4281
50
4282
51
4284
50
4285
49
4286
50
4288
50
4289
50
4291
50
4292
50
4293
50
4295
50
4296
50
4298
50
4299
50
4301
50
4302
50
4303
50
4305
50
4306
50
4308
50
4310
51
4311
51
4313
51
4314
50
4316
50
4317
50
4318
50
4320
50
4321
51
4323
50
4324
50
4326
50
4327
50
4328
50
4330
50
4331
50
4333
50
4334
50
4335
50
4337
50
4338
50
4340
50
4341
50
4342
51
4344
50
4345
51
4347
50
4348
50
4349
50
4352
50
4353
50
4355
50
4356
50
4358
50
4359
50
4360
50
4362
50
4363
50
4365
50
4366
50
4367
51
4369
50
4370
50
4372
50
4373
50
4374
50
4376
51
4377
51
4379
50
4380
50
4382
50
4383
50
4384
50
4386
51
4387
50
4389
50
4390
50
4391
50
4393
50
4395
50
4397
51
4398
50
4399
50
4401
50
4402
50
4404
50
4405
50
4406
49
4408
51
4409
51
4411
50
4412
50
4414
50
4415
50
4416
50
4418
51
4419
50
4421
50
4422
50
4423
50
4425
50
4426
50
4428
50
4429
50
4430
50
4432
50
4433
49
4435
51
4436
50
4439
50
4440
50
4441
51
4443
50
4444
50
4446
50
4447
49
4448
50
4450
50
4451
51
4453
50
4454
50
4455
50
4457
51
4458
50
4460
51
4461
50
4462
50
4464
50
4465
50
4467
50
4468
50
4470
50
4471
50
4472
50
4474
50
4475
51
4477
50
4478
50
4480
50
4482
50
4483
51
4485
50
4486
50
4487
51
4489
50
4490
50
4492
50
4493
50
4495
50
4496
50
4497
50
4499
50
4500
50
4502
50
4503
50
4504
50
4506
51
4507
50
4509
50
4510
50
4511
50
4513
50
4514
50
4516
50
4517
50
4518
50
4520
50
4521
50
4524
50
4525
50
4527
50
4528
51
4529
50
4531
50
4532
50
4534
50
4535
50
4536
50
4538
51
4539
51
4541
50
4542
50
4543
50
4545
51
4546
50
4548
50
4549
50
4551
50
4552
50
4553
50
4555
50
4556
51
4558
51
4559
50
4560
50
4562
50
4563
50
4566
50
4567
50
4568
50
4570
51
4571
50
4573
50
4574
50
4575
50
4577
50
4578
51
4580
51
4581
50
4583
50
4584
50
4585
50
4587
50
4588
49
4590
50
4591
50
4592
50
4594
50
4595
50
4597
49
4598
50
4599
50
4601
50
4602
51
4604
50
4605
50
4608
50
4609
50
4610
50
4612
51
4613
51
4615
50
4616
51
4617
51
4619
50
4620
51
4622
50
4623
50
4624
50
4626
50
4627
50
4629
50
4630
50
4631
50
4633
50
4634
50
4636
50
4637
51
4639
50
4640
51
4641
50
4643
50
4644
50
4646
50
4647
51
4648
50
4651
50
4652
50
4654
50
4655
50
4656
50
4658
51
4659
51
4661
50
4662
50
4664
50
4665
50
4666
50
4668
50
4669
50
4671
50
4672
51
4673
50
4675
51
4676
50
4678
50
4679
50
4680
50
4682
51
4683
50
4685
50
4686
50
4687
50
4689
50
4690
51
4692
50
4694
50
4696
50
4697
50
4698
50
4700
50
4701
50
4703
51
4704
50
4705
51
4707
50
4708
50
4710
50
4711
50
4712
50
4714
51
4715
51
4717
51
4718
51
4720
50
4721
50
4722
50
4724
50
4725
50
4727
50
4728
50
4729
50
4731
50
4732
50
4734
50
4736
49
4737
50
4739
50
4740
50
4742
50
4743
50
4744
50
4746
50
4747
50
4749
50
4750
50
4752
50
4753
51
4754
50
4756
50
4757
50
4759
50
4760
50
4761
50
4763
50
4764
50
4766
50
4767
49
4768
49
4770
50
4771
51
4773
50
4774
50
4776
51
4777
50
4779
50
4781
50
4782
50
4784
51
4785
51
4786
50
4788
50
4789
51
4791
50
4792
50
4793
50
4795
50
4796
50
4798
50
4799
50
4800
50
4802
50
4803
50
4805
50
4806
50
4808
50
4809
51
4810
51
4812
51
4813
50
4815
50
4816
51
4817
50
4819
50
4820
50
4823
51
4824
51
4825
50
4827
51
4828
50
4830
50
4831
50
4833
50
4834
51
4835
50
4837
51
4838
50
4840
50
4841
51
4842
51
4844
50
4845
51
4847
51
4848
50
4849
50
4851
51
4852
51
4854
50
4855
50
4856
50
4858
50
4859
50
4861
50
4862
50
4865
50
4866
50
4867
50
4869
50
4870
50
4872
50
4873
50
4874
50
4876
50
4877
50
4879
50
4880
50
4881
50
4883
49
4884
50
4886
51
4887
51
4889
50
4890
51
4891
50
4893
50
4894
50
4896
50
4897
50
4898
50
4900
51
4901
50
4903
50
4904
50
4905
50
4908
50
4909
50
4911
50
4912
50
4913
50
4915
50
4916
50
4918
51
4919
50
4921
50
4922
51
4923
51
4925
50
4926
51
4928
50
4929
50
4930
50
4932
50
4933
50
4935
50
4936
50
4937
50
4939
50
4940
50
4942
50
4943
50
4945
50
4946
51
4947
50
4950
50
4951
50
4953
50
4954
50
4955
50
4957
49
4958
50
4960
50
4961
50
4962
50
4964
50
4965
50
4967
50
4968
50
4969
50
4971
50
4972
50
4974
50
4975
50
4977
50
4978
50
4979
50
4981
50
4982
50
4984
50
4985
50
4986
50
4988
50
4989
49
4992
50
4993
51
4994
50
4996
50
4997
51
4999
50
5000
50
5002
50
5003
51
5004
50
5006
50
5007
50
5009
50
5010
51
5011
50
5013
50
5014
50
5016
50
5017
50
5018
50
5020
50
5021
49
5023
50
5024
50
5025
50
5027
50
5028
51
5030
50
5031
50
5033
50
5035
50
5036
50
5038
50
5039
50
5041
51
5042
50
5043
50
5045
51
5046
50
5048
51
5049
50
5050
50
5052
50
5053
50
5055
50
5056
50
5058
50
5059
50
5060
50
5062
50
5063
51
5065
51
5066
50
5067
50
5069
50
5070
50
5072
50
5073
50
5074
50
5076
50
5078
50
5080
50
5081
50
5082
50
5084
51
5085
50
5087
50
5088
49
5090
50
5091
50
5092
50
5094
50
5095
51
5097
50
5098
50
5099
50
5101
51
5102
50
5104
50
5105
50
5106
50
5108
50
5109
50
5111
51
5112
50
5114
50
5115
50
5116
50
5118
50
5120
50
5122
50
5123
51
5124
50
5126
50
5127
51
5129
50
5130
50
5131
50
5133
51
5134
50
5136
50
5137
50
5138
50
5140
50
5141
50
5143
50
5144
49
5146
50
5147
51
5148
50
5150
50
5151
50
5153
50
5154
50
5155
50
5157
50
5158
50
5160
50
5161
50
5163
50
5165
50
5166
49
5168
51
5169
50
5170
50
5172
51
5173
50
5175
50
5176
50
5178
50
5179
51
5180
50
5182
51
5183
50
5185
50
5186
50
5187
50
5189
50
5190
50
5192
50
5193
50
5194
51
5196
50
5197
50
5199
51
5200
50
5202
50
5203
50
5204
50
5207
50
5208
51
5210
51
5211
51
5212
50
5214
50
5215
50
5217
50
5218
50
5219
51
5221
50
5222
50
5224
50
5225
50
5226
50
5228
51
5229
50
5231
50
5232
50
5234
50
5235
50
5236
50
5238
50
5239
50
5241
50
5242
50
5243
50
5245
51
5246
50
5249
50
5250
50
5251
50
5253
50
5254
50
5256
50
5257
50
5259
50
5260
50
5261
51
5263
50
5264
50
5266
50
5267
50
5268
50
5270
50
5271
50
5273
51
5274
50
5275
50
5277
50
5278
50
5280
50
5281
50
5282
50
5284
50
5285
50
5287
51
5288
50
5291
50
5292
50
5293
51
5295
50
5296
50
5298
50
5299
50
5300
50
5302
50
5303
50
5305
51
5306
50
5307
50
5309
50
5310
50
5312
50
5313
50
5315
50
5316
51
5317
50
5319
50
5320
50
5322
50
5323
50
5324
50
5326
50
5327
49
5329
50
5330
51
5331
50
5334
50
5335
50
5337
50
5338
51
5339
50
5341
50
5342
50
5344
50
5345
50
5347
50
5348
50
5349
50
5351
51
5352
50
5354
50
5355
50
5356
50
5358
49
5359
50
5361
50
5362
51
5363
51
5365
50
5366
50
5368
50
5369
50
5371
50
5372
51
5373
50
5376
50
5377
50
5379
50
5380
50
5381
50
5383
50
5384
50
5386
50
5387
50
5388
49
5390
50
5391
50
5393
50
5394
50
5395
50
5397
50
5398
50
5400
50
5401
51
5403
51
5404
50
5405
50
5407
50
5408
50
5410
50
5411
50
5412
50
5414
50
5415
50
5417
50
5419
51
5420
50
5422
50
5423
49
5425
50
5426
50
5428
50
5429
51
5430
50
5432
50
5433
50
5435
50
5436
49
5437
49
5439
50
5440
50
5442
50
5443
50
5444
50
5446
50
5447
51
5449
50
5450
50
5451
50
5453
51
5454
50
5456
50
5457
50
5459
51
5460
50
5462
51
5464
51
5465
50
5467
50
5468
50
5469
50
5471
50
5472
50
5474
50
5475
50
5476
50
5478
51
5479
50
5481
50
5482
51
5483
50
5485
50
5486
50
5488
50
5489
50
5491
49
5492
50
5493
50
5495
50
5496
50
5498
51
5499
50
5500
50
5502
50
5504
50
5506
51
5507
49
5508
50
5510
50
5511
50
5513
51
5514
51
5516
50
5517
50
5518
50
5520
49
5521
50
5523
50
5524
50
5525
50
5527
51
5528
50
5530
50
5531
50
5532
50
5534
50
5535
50
5537
50
5538
50
5539
49
5541
50
5542
50
5544
51
5545
50
5548
50
5549
50
5550
50
5552
49
5553
50
5555
51
5556
51
5557
50
5559
50
5560
50
5562
50
5563
50
5564
50
5566
50
5567
51
5569
50
5570
50
5572
50
5573
50
5574
50
5576
50
5577
50
5579
50
5580
51
5581
50
5583
50
5584
50
5586
50
5587
50
5588
50
5591
50
5592
50
5594
50
5595
50
5596
50
5598
49
5599
50
5601
50
5602
50
5604
50
5605
50
5606
50
5608
50
5609
50
5611
50
5612
50
5613
50
5615
50
5616
50
5618
49
5619
51
5620
51
5622
50
5623
50
5625
50
5626
51
5628
51
5629
50
5630
50
5633
50
5634
50
5636
50
5637
50
5638
50
5640
50
5641
50
5643
50
5644
50
5645
50
5647
50
5648
50
5650
50
5651
50
5652
50
5654
51
5655
50
5657
50
5658
50
5660
50
5661
50
5662
50
5664
50
5665
50
5667
50
5668
50
5669
50
5671
50
5672
50
5675
50
5676
50
5677
50
5679
50
5680
50
5682
51
5683
51
5685
51
5686
50
5687
50
5689
50
5690
50
5692
50
5693
50
5694
50
5696
51
5697
50
5699
50
5700
50
5701
50
5703
50
5704
50
5706
51
5707
50
5708
50
5710
51
5711
50
5713
50
5714
50
5716
50
5718
50
5719
50
5721
50
5722
50
5724
50
5725
50
5726
50
5728
50
5729
50
5731
50
5732
50
5733
50
5735
50
5736
50
5738
51
5739
51
5741
51
5742
51
5743
50
5745
51
5746
50
5748
51
5749
50
5750
50
5752
50
5753
50
5755
50
5756
50
5757
50
5760
50
5761
50
5763
50
5764
50
5765
50
5767
50
5768
50
5770
49
5771
50
5773
50
5774
50
5775
50
5777
50
5778
50
5780
50
5781
50
5782
50
5784
50
5785
50
5787
50
5788
51
5789
50
5791
50
5792
50
5794
50
5795
51
5797
50
5798
51
5799
50
5801
50
5803
50
5805
50
5806
50
5807
50
5809
51
5810
51
5812
50
5813
49
5814
50
5816
51
5817
50
5819
50
5820
49
5821
50
5823
50
5824
50
5826
50
5827
51
5829
50
5830
50
5831
51
5833
50
5834
50
5836
50
5837
50
5838
50
5840
50
5841
50
5843
50
5844
50
5846
50
5848
51
5849
50
5851
50
5852
50
5854
50
5855
50
5856
51
5858
51
5859
51
5861
50
5862
50
5863
51
5865
50
5866
50
5868
51
5869
50
5870
50
5872
50
5873
50
5875
50
5876
50
5877
50
5879
50
5880
50
5882
50
5883
50
5885
50
5886
50
5888
50
5890
51
5891
51
5893
51
5894
51
5895
50
5897
50
5898
50
5900
51
5901
50
5902
50
5904
50
5905
50
5907
50
5908
50
5910
51
5911
50
5912
50
5914
50
5915
50
5917
50
5918
50
5919
50
5921
50
5922
51
5924
50
5925
50
5926
50
5928
50
5929
50
5932
50
5933
50
5934
50
5936
50
5937
50
5939
49
5940
50
5942
50
5943
50
5944
49
5946
50
5947
50
5949
50
5950
50
5951
51
5953
51
5954
51
5956
50
5957
50
5958
50
5960
50
5961
50
5963
50
5964
50
5966
51
5967
50
5968
50
5970
50
5971
50
5974
50
5975
50
5976
49
5978
50
5979
50
5981
50
5982
50
5983
50
5985
50
5986
50
5988
50
5989
50
5990
50
5992
50
5993
50
5995
50
5996
50
5998
50
5999
50
6000
50
6002
50
6003
49
6005
50
6006
49
6007
50
6009
50
6010
51
6012
50
6013
50
6014
50
6017
51
6018
49
6020
50
6021
50
6023
50
6024
50
6025
50
6027
50
6028
50
6030
50
6031
50
6032
51
6034
50
6035
49
6037
50
6038
51
6039
50
6041
49
6042
50
6044
50
6045
50
6046
51
6048
50
6049
50
6051
51
6052
50
6054
50
6055
50
6056
50
6059
50
6060
50
6062
50
6063
51
6064
50
6066
50
6067
49
6069
50
6070
50
6071
51
6073
50
6074
50
6076
50
6077
50
6079
51
6080
51
6081
50
6083
50
6084
50
6086
50
6087
50
6088
50
6090
51
6091
51
6093
50
6094
50
6095
50
6097
50
6098
51
6100
50
6102
50
6103
50
6105
50
6106
50
6108
50
6109
51
6111
50
6112
50
6113
50
6115
51
6116
50
6118
50
6119
50
6120
50
6122
50
6123
51
6125
50
6126
50
6127
50
6129
50
6130
49
6132
50
6133
51
6135
50
6136
50
6137
50
6139
50
6140
50
6142
50
6144
50
6145
50
6147
51
6148
50
6150
50
6151
50
6152
50
6154
50
6155
49
6157
50
6158
50
6159
50
6161
50
6162
50
6164
50
6165
51
6167
51
6168
51
6169
50
6171
50
6172
50
6174
50
6175
50
6176
50
6178
51
6179
50
6181
50
6182
50
6183
50
6185
50
6187
50
6189
50
6190
50
6192
50
6193
50
6194
50
6196
51
6197
50
6199
50
6200
50
6201
51
6203
50
6204
50
6206
50
6207
50
6208
50
6210
50
6211
51
6213
50
6214
50
6215
50
6217
50
6218
50
6220
49
6221
50
6223
50
6224
50
6225
50
6227
50
6228
50
6231
50
6232
51
6233
51
6235
50
6236
50
6238
50
6239
51
6240
50
6242
50
6243
50
6245
50
6246
50
6248
50
6249
50
6250
49
6252
50
6253
50
6255
50
6256
50
6257
50
6259
50
6260
50
6262
50
6263
50
6264
50
6266
51
6267
50
6269
49
6270
50
6272
50
6274
50
6275
50
6277
50
6278
50
6280
50
6281
50
6282
50
6284
50
6285
50
6287
50
6288
50
6289
50
6291
50
6292
51
6294
50
6295
50
6296
50
6298
51
6299
51
6301
50
6302
50
6304
50
6305
51
6306
50
6308
50
6309
50
6311
50
6312
49
6313
50
6316
50
6317
50
6319
50
6320
50
6321
50
6323
50
6324
50
6326
51
6327
51
6328
50
6330
50
6331
50
6333
51
6334
51
6336
50
6337
51
6338
50
6340
50
6341
50
6343
50
6344
50
6345
50
6347
50
6348
50
6350
51
6351
51
6352
51
6354
50
6355
50
6358
51
6359
50
6361
50
6362
50
6363
50
6365
50
6366
50
6368
51
6369
50
6370
50
6372
50
6373
50
6375
50
6376
51
6377
50
6379
51
6380
51
6382
49
6383
51
6384
50
6386
50
6387
50
6389
50
6390
49
6392
50
6393
50
6394
50
6396
50
6397
50
6400
50
6401
50
6402
50
6404
50
6405
50
6407
50
6408
50
6409
50
6411
50
6412
50
6414
50
6415
50
6417
50
6418
50
6419
50
6421
50
6422
50
6424
50
6425
50
6426
50
6428
50
6429
50
6431
50
6432
50
6433
49
6435
50
6436
50
6438
51
6439
51
6440
50
6443
50
6444
50
6446
50
6447
50
6449
51
6450
51
6451
50
6453
50
6454
50
6456
50
6457
50
6458
50
6460
50
6461
50
6463
50
6464
50
6465
49
6467
50
6468
50
6470
51
6471
51
6472
50
6474
50
6475
51
6477
50
6478
50
6480
51
6481
50
6482
50
6484
50
6486
50
6488
50
6489
50
6490
50
6492
50
6493
51
6495
50
6496
50
6497
50
6499
50
6500
50
6502
50
6503
50
6505
50
6506
51
6507
50
6509
50
6510
50
6512
50
6513
50
6514
50
6516
51
6517
50
6519
50
6520
50
6521
50
6523
50
6524
51
6526
50
6528
50
6529
50
6531
49
6532
50
6534
50
6535
50
6537
50
6538
50
6539
51
6541
50
6542
50
6544
51
6545
51
6546
50
6548
50
6549
50
6551
51
6552
50
6553
50
6555
50
6556
50
6558
50
6559
50
6561
50
6562
50
6563
50
6565
50
6566
51
6568
50
6569
50
6571
50
6573
50
6574
49
6576
50
6577
51
6578
51
6580
50
6581
50
6583
51
6584
50
6585
50
6587
50
6588
50
6590
51
6591
50
6593
50
6594
50
6595
51
6597
50
6598
51
6600
51
6601
50
6602
50
6604
50
6605
50
6607
50
6608
50
6609
50
6611
51
6612
51
6615
49
6616
50
6617
50
6619
50
6620
50
6622
50
6623
50
6625
50
6626
50
6627
51
6629
50
6630
50
6632
50
6633
50
6634
50
6636
50
6637
50
6639
51
6640
51
6641
51
6643
50
6644
51
6646
50
6647
50
6649
50
6650
50
6651
51
6653
50
6654
50
6657
50
6658
50
6659
50
6661
50
6662
50
6664
50
6665
50
6666
50
6668
50
6669
51
6671
50
6672
50
6673
51
6675
50
6676
50
6678
50
6679
50
6681
51
6682
50
6683
50
6685
50
6686
51
6688
50
6689
50
6690
50
6692
50
6693
50
6695
49
6696
50
6697
50
6700
50
6701
50
6703
50
6704
50
6706
50
6707
50
6708
50
6710
50
6711
51
6713
50
6714
50
6715
50
6717
50
6718
50
6720
50
6721
50
6722
50
6724
50
6725
50
6727
50
6728
51
6729
50
6731
51
6732
51
6734
50
6735
50
6737
50
6738
50
6739
50
6742
50
6743
50
6745
50
6746
50
6747
50
6749
51
6750
50
6752
49
6753
50
6754
49
6756
50
6757
50
6759
51
6760
50
6762
50
6763
50
6764
50
6766
50
6767
50
6769
50
6770
50
6771
50
6773
50
6774
49
6776
51
6777
50
6778
50
6780
51
6781
50
6784
50
6785
50
6786
50
6788
50
6789
51
6791
50
6792
50
6794
50
6795
50
6796
50
6798
51
6799
50
6801
50
6802
50
6803
50
6805
50
6806
50
6808
50
6809
50
6810
50
6812
50
6813
49
6815
50
6816
50
6818
51
6819
50
6820
50
6822
50
6823
50
6825
50
6827
50
6828
50
6830
50
6831
51
6833
51
6834
50
6835
50
6837
50
6838
50
6840
50
6841
50
6842
50
6844
50
6845
50
6847
51
6848
50
6850
51
6851
50
6852
50
6854
50
6855
50
6857
50
6858
50
6859
50
6861
50
6862
50
6864
50
6865
51
6866
50
6868
50
6870
51
6872
50
6873
51
6875
50
6876
51
6877
50
6879
50
6880
49
6882
51
6883
50
6884
50
6886
51
6887
50
6889
50
6890
50
6891
50
6893
51
6894
50
6896
50
6897
50
6898
50
6900
50
6901
50
6903
50
6904
51
6906
50
6907
51
6908
51
6910
50
6912
50
6914
50
6915
50
6916
51
6918
50
6919
50
6921
50
6922
50
6923
50
6925
50
6926
50
6928
50
6929
49
6931
50
6932
50
6933
50
6935
51
6936
51
6938
50
6939
50
6940
50
6942
50
6943
50
6945
50
6946
50
6947
50
6949
50
6950
50
6952
50
6953
50
6955
51
6957
51
6958
50
6960
50
6961
50
6963
49
6964
50
6965
50
6967
51
6968
51
6970
50
6971
50
6972
50
6974
51
6975
50
6977
50
6978
50
6979
50
6981
50
6982
50
6984
50
6985
51
6987
50
6988
50
6989
50
6991
49
6992
50
6994
50
6995
50
6996
50
6999
50
7000
51
7002
50
7003
50
7004
50
7006
50
7007
51
7009
50
7010
50
7011
50
7013
49
7014
50
7016
50
7017
50
7019
50
7020
50
7021
50
7023
50
7024
49
7026
51
7027
51
7028
50
7030
51
7031
50
7033
50
7034
50
7035
50
7037
51
7038
51
7041
50
7042
50
7044
50
7045
50
7046
50
7048
50
7049
50
7051
50
7052
50
7053
50
7055
50
7056
50
7058
50
7059
50
7060
50
7062
51
7063
50
7065
51
7066
51
7067
50
7069
50
7070
50
7072
51
7073
51
7075
50
7076
50
7077
51
7079
50
7080
50
7083
50
7084
50
7085
50
7087
50
7088
50
7090
50
7091
50
7092
50
7094
50
7095
51
7097
50
7098
49
7100
50
7101
51
7102
50
7104
51
7105
50
7107
51
7108
50
7109
51
7111
50
7112
50
7114
50
7115
50
7116
50
7118
50
7119
49
7121
49
7122
50
7123
50
7126
50
7127
50
7129
51
7130
50
7132
51
7133
51
7134
50
7136
50
7137
50
7139
50
7140
50
7141
50
7143
50
7144
50
7146
50
7147
50
7148
50
7150
50
7151
51
7153
50
7154
50
7156
50
7157
50
7158
50
7160
50
7161
51
7163
51
7164
50
7165
50
7168
50
7169
50
7171
50
7172
51
7173
50
7175
50
7176
50
7178
50
7179
50
7180
50
7182
50
7183
50
7185
50
7186
50
7188
50
7189
50
7190
50
7192
50
7193
50
7195
50
7196
50
